200
14 11
43 4
20 25
47 28
38 34
39 28
6 43
31 48
37 49
14 50
27 22
27 48
43 37
35 9
46 35
34 34
32 40
47 34
5 23
24 50
4 4
42 31
20 22
15 26
2 50
45 45
44 14
26 5
46 30
49 42
49 39
35 26
19 28
50 19
50 20
42 14
41 13
34 26
34 17
16 35
37 37
3 35
50 22
23 34
38 2
4 25
8 12
40 31
34 41
35 35
42 48
17 16
26 23
21 30
31 34
43 29
4 2
2 50
2 45
20 36
23 50
39 41
50 28
3 13
50 42
28 35
46 1
28 11
29 34
2 2
44 15
32 7
10 16
6 49
30 4
4 11
36 37
5 49
46 17
2 28
21 18
24 41
29 15
26 16
24 13
39 18
46 6
4 9
11 16
49 24
25 12
40 17
6 20
31 20
28 42
34 11
7 21
11 10
29 24
16 2
50 39
12 45
2 1
13 37
40 21
14 27
7 6
20 30
5 40
50 25
43 15
28 29
10 48
12 48
6 22
44 10
40 27
3 36
8 47
49 14
32 11
44 35
19 20
20 23
25 1
33 30
15 19
34 32
42 12
20 2
42 48
11 5
36 3
48 15
34 25
8 34
47 38
47 9
21 21
48 4
44 16
8 43
34 22
40 47
40 19
40 4
50 13
14 28
27 9
26 42
6 10
22 41
48 36
3 2
26 20
31 1
24 11
47 10
24 40
47 43
10 41
29 28
18 35
18 21
5 5
47 24
3 5
50 50
33 25
50 26
46 15
14 24
45 6
14 8
20 5
46 25
39 32
2 21
32 5
48 20
35 10
17 31
28 10
29 37
13 19
30 18
30 30
48 30
48 47
44 17
15 11
22 28
17 45
30 37
11 6
2 18
7 31
26 11
25 50
12 30
